0.020000 -2.079306
0.040000 -1.342686
0.060000 -1.042282
0.080000 -0.621756
0.100000 -0.308047
0.120000 -0.010388
0.140000 -0.083096
0.160000 -0.125719
0.180000 -0.384842
0.200000 0.281057
0.220000 0.112113
0.240000 -0.049137
0.260000 0.376874
0.280000 0.293512
0.300000 0.843771
0.320000 0.963997
0.340000 1.290348
0.360000 0.998638
0.380000 1.047537
0.400000 1.419550
0.420000 0.790439
0.440000 1.025276
0.460000 1.191834
0.480000 1.087170
0.500000 1.094586
0.520000 1.164457
0.540000 0.872533
0.560000 1.284405
0.580000 1.779701
0.600000 1.491306
0.620000 1.492155
0.640000 1.390014
0.660000 1.508023
0.680000 1.900826
0.700000 1.296233
0.720000 1.365440
0.740000 1.607062
0.760000 1.756463
0.780000 1.702755
0.800000 1.491870
0.820000 1.587224
0.840000 1.701355
0.860000 1.733453
0.880000 1.815737
0.900000 1.809091
0.920000 1.711252
0.940000 1.718705
0.960000 1.672254
0.980000 2.181918
1.000000 1.733142
1.020000 1.781520
1.120000 2.202676
1.220000 2.006526
1.320000 2.492321
1.420000 1.799812
1.520000 2.472964
1.620000 2.574484
1.720000 2.372099
1.820000 2.658427
1.920000 2.999446
2.020000 2.738576
3.020000 3.095920
4.020000 3.084490
5.020000 3.403083
6.020000 3.727727
7.020000 4.017529
8.020000 3.797881
9.020000 3.949643
10.020000 4.169631
11.020000 4.785696
12.020000 4.660557
13.020000 4.722107
14.020000 4.325162
15.020000 4.629133
16.020000 4.812377
17.020000 4.964602
18.020000 4.694098
19.020000 4.592439
20.020000 4.929130
21.020000 5.084845
22.020000 4.707524
23.020000 4.690835
24.020000 5.132179
25.020000 5.099799
26.020000 5.185949
27.020000 5.159753
28.020000 5.648007
29.020000 5.220373
30.020000 5.523980
31.020000 5.318202
32.020000 5.410085
33.020000 5.360223
34.020000 5.463917
35.020000 5.609500
36.020000 5.540793
37.020000 6.085524
38.020000 5.308713
39.020000 5.591679
40.020000 5.612690
41.020000 5.510235
42.020000 5.514889
43.020000 5.811916
44.020000 5.837602
45.020000 5.739104
46.020000 5.938205
47.020000 5.662877
48.020000 5.835417
49.020000 5.686586
50.020000 5.482557
51.020000 5.658677