0.020000 -0.589934
0.040000 -0.026218
0.060000 0.526659
0.080000 0.621780
0.100000 0.444083
0.120000 0.711202
0.140000 1.111332
0.160000 0.994180
0.180000 1.381641
0.200000 1.108025
0.220000 0.997067
0.240000 1.571383
0.260000 1.292253
0.280000 1.521506
0.300000 1.822217
0.320000 1.941441
0.340000 2.169888
0.360000 1.903089
0.380000 1.899925
0.400000 1.894562
0.420000 2.275910
0.440000 2.061156
0.460000 2.230552
0.480000 2.156762
0.500000 2.354566
0.520000 2.124224
0.540000 1.987738
0.560000 2.319427
0.580000 2.371389
0.600000 2.357567
0.620000 2.133741
0.640000 2.438367
0.660000 2.602542
0.680000 2.358608
0.700000 2.707318
0.720000 1.999557
0.740000 2.772782
0.760000 2.603884
0.780000 2.600869
0.800000 2.709173
0.820000 2.783456
0.840000 2.823842
0.860000 2.808950
0.880000 2.953299
0.900000 2.853165
0.920000 3.043602
0.940000 2.879260
0.960000 2.950641
0.980000 3.019714
1.000000 2.601215
1.020000 3.162899
1.120000 2.991725
1.220000 3.295882
1.320000 3.190339
1.420000 3.390906
1.520000 3.536722
1.620000 3.669077
1.720000 3.397536
1.820000 3.398147
1.920000 3.339769
2.020000 3.882359
3.020000 3.845533
4.020000 3.980722
5.020000 4.422832
6.020000 4.841142
7.020000 4.884367
8.020000 5.157399
9.020000 5.614925
10.020000 5.132111
11.020000 5.401839
12.020000 5.691944
13.020000 5.769904
14.020000 5.473871
15.020000 5.642256
16.020000 5.637244
17.020000 5.669409
18.020000 6.108601
19.020000 6.156024
20.020000 5.523546
21.020000 6.265249
22.020000 5.924135
23.020000 6.074379
24.020000 5.843264
25.020000 5.929204
26.020000 6.019941
27.020000 6.005655
28.020000 6.372989
29.020000 6.146126
30.020000 6.273199
31.020000 6.407073
32.020000 6.447886
33.020000 6.592207
34.020000 6.285655
35.020000 6.621699
36.020000 6.806148
37.020000 6.808060
38.020000 6.343214
39.020000 6.557655
40.020000 6.686129
41.020000 6.669972
42.020000 6.320640
43.020000 6.790136
44.020000 6.462094
45.020000 6.934881
46.020000 7.025894
47.020000 6.944575
48.020000 6.936880
49.020000 7.008253
50.020000 7.031930
51.020000 6.953646