0.020000 -5.098624
0.040000 -4.375091
0.060000 -3.929472
0.080000 -3.605937
0.100000 -3.783674
0.120000 -3.122055
0.140000 -3.137338
0.160000 -3.065627
0.180000 -2.725393
0.200000 -2.986430
0.220000 -2.963196
0.240000 -2.786372
0.260000 -2.444987
0.280000 -2.471013
0.300000 -2.281272
0.320000 -2.408447
0.340000 -2.645047
0.360000 -2.094665
0.380000 -2.018427
0.400000 -2.198872
0.420000 -2.352281
0.440000 -1.994159
0.460000 -2.036768
0.480000 -2.018788
0.500000 -1.820593
0.520000 -1.648287
0.540000 -1.929959
0.560000 -1.985349
0.580000 -2.011560
0.600000 -1.707916
0.620000 -1.696422
0.640000 -1.373071
0.660000 -1.618160
0.680000 -1.796562
0.700000 -1.657937
0.720000 -1.614588
0.740000 -1.641002
0.760000 -1.276953
0.780000 -1.163559
0.800000 -1.764887
0.820000 -1.169264
0.840000 -1.478355
0.860000 -1.128502
0.880000 -1.001376
0.900000 -1.529987
0.920000 -1.349758
0.940000 -1.282918
0.960000 -1.457248
0.980000 -1.596926
1.000000 -0.875325
1.020000 -1.351504
1.120000 -0.958962
1.220000 -1.166461
1.320000 -1.139219
1.420000 -0.748476
1.520000 -0.499450
1.620000 -0.691690
1.720000 -0.397269
1.820000 -0.965455
1.920000 -0.883896
2.020000 -0.612291
3.020000 -0.005886
4.020000 0.198560
5.020000 0.016482
6.020000 0.800074
7.020000 0.713885
8.020000 1.030025
9.020000 0.732610
10.020000 0.901756
11.020000 1.170271
12.020000 1.222835
13.020000 1.386688
14.020000 1.518299
15.020000 1.609118
16.020000 1.496420
17.020000 1.649396
18.020000 1.709893
19.020000 1.458766
20.020000 2.062458
21.020000 1.741984
22.020000 1.784305
23.020000 1.940290
24.020000 1.632051
25.020000 1.943121
26.020000 2.229824
27.020000 1.960595
28.020000 1.628451
29.020000 1.997495
30.020000 2.242584
31.020000 1.969508
32.020000 2.123940
33.020000 2.403946
34.020000 2.146978
35.020000 2.263269
36.020000 2.436259
37.020000 2.483951
38.020000 2.333424
39.020000 2.431986
40.020000 2.914138
41.020000 2.683656
42.020000 2.468783
43.020000 2.654835
44.020000 2.560236
45.020000 2.773357
46.020000 2.348232
47.020000 2.545896
48.020000 2.347788
49.020000 2.607972
50.020000 2.647051
51.020000 2.461872